Zakonczono proces uczenia po: 44691 iteracjach
Wejsciowy wektor: 1
-0,05, 0,95, -0,05, -0,05, -0,06, -0,05, -0,05, -0,04, -0,05, -0,05, -0,05, -0,05, -0,05, -0,04, -0,05, -0,05, -0,05, -0,06, -0,05, -0,01, 
Wynik oczekiwany:
0.0, 1.0, 0.0, 0.0, 0.0, 0.0, 0.0, 0.0, 0.0, 0.0, 0.0, 0.0, 0.0, 0.0, 0.0, 0.0, 0.0, 0.0, 0.0, 0.0, 
Wejsciowy wektor: 0
0,95, -0,05, -0,05, -0,05, -0,06, -0,05, -0,05, -0,04, -0,05, -0,05, -0,05, -0,05, -0,05, -0,04, -0,05, -0,05, -0,05, -0,06, -0,05, -0,01, 
Wynik oczekiwany:
1.0, 0.0, 0.0, 0.0, 0.0, 0.0, 0.0, 0.0, 0.0, 0.0, 0.0, 0.0, 0.0, 0.0, 0.0, 0.0, 0.0, 0.0, 0.0, 0.0, 
Wejsciowy wektor: 9
-0,05, -0,05, -0,05, -0,05, -0,06, -0,05, -0,05, -0,05, -0,05, 0,94, -0,06, -0,05, -0,05, -0,05, -0,05, -0,05, -0,05, -0,06, -0,05, -0,01, 
Wynik oczekiwany:
0.0, 0.0, 0.0, 0.0, 0.0, 0.0, 0.0, 0.0, 0.0, 1.0, 0.0, 0.0, 0.0, 0.0, 0.0, 0.0, 0.0, 0.0, 0.0, 0.0, 
Wejsciowy wektor: 16
-0,05, -0,05, -0,05, -0,05, -0,06, -0,06, -0,05, -0,05, -0,05, -0,06, -0,06, -0,06, -0,06, -0,05, -0,06, -0,05, 0,94, -0,06, -0,05, -0,01, 
Wynik oczekiwany:
0.0, 0.0, 0.0, 0.0, 0.0, 0.0, 0.0, 0.0, 0.0, 0.0, 0.0, 0.0, 0.0, 0.0, 0.0, 0.0, 1.0, 0.0, 0.0, 0.0, 
Wejsciowy wektor: 0
0,95, -0,05, -0,05, -0,05, -0,06, -0,05, -0,05, -0,04, -0,05, -0,05, -0,05, -0,05, -0,05, -0,04, -0,05, -0,05, -0,05, -0,06, -0,05, -0,01, 
Wynik oczekiwany:
1.0, 0.0, 0.0, 0.0, 0.0, 0.0, 0.0, 0.0, 0.0, 0.0, 0.0, 0.0, 0.0, 0.0, 0.0, 0.0, 0.0, 0.0, 0.0, 0.0, 
Wejsciowy wektor: 13
-0,05, -0,06, -0,05, -0,05, -0,06, -0,06, -0,06, -0,05, -0,05, -0,07, -0,06, -0,06, -0,06, 0,94, -0,06, -0,05, -0,06, -0,06, -0,06, -0,02, 
Wynik oczekiwany:
0.0, 0.0, 0.0, 0.0, 0.0, 0.0, 0.0, 0.0, 0.0, 0.0, 0.0, 0.0, 0.0, 1.0, 0.0, 0.0, 0.0, 0.0, 0.0, 0.0, 
Wejsciowy wektor: 19
-0,07, -0,07, -0,08, -0,07, -0,07, -0,08, -0,07, -0,07, -0,07, -0,08, -0,07, -0,06, -0,08, -0,09, -0,07, -0,08, -0,08, -0,07, -0,09, 0,05, 
Wynik oczekiwany:
0.0, 0.0, 0.0, 0.0, 0.0, 0.0, 0.0, 0.0, 0.0, 0.0, 0.0, 0.0, 0.0, 0.0, 0.0, 0.0, 0.0, 0.0, 0.0, 1.0, 
Wejsciowy wektor: 0
0,95, -0,05, -0,05, -0,05, -0,06, -0,05, -0,05, -0,04, -0,05, -0,05, -0,05, -0,05, -0,05, -0,04, -0,05, -0,05, -0,05, -0,06, -0,05, -0,01, 
Wynik oczekiwany:
1.0, 0.0, 0.0, 0.0, 0.0, 0.0, 0.0, 0.0, 0.0, 0.0, 0.0, 0.0, 0.0, 0.0, 0.0, 0.0, 0.0, 0.0, 0.0, 0.0, 
Wejsciowy wektor: 8
-0,04, -0,05, -0,05, -0,05, -0,05, -0,05, -0,04, -0,04, 0,95, -0,06, -0,06, -0,05, -0,05, -0,05, -0,05, -0,05, -0,05, -0,06, -0,05, -0,01, 
Wynik oczekiwany:
0.0, 0.0, 0.0, 0.0, 0.0, 0.0, 0.0, 0.0, 1.0, 0.0, 0.0, 0.0, 0.0, 0.0, 0.0, 0.0, 0.0, 0.0, 0.0, 0.0, 
Wejsciowy wektor: 14
-0,05, -0,05, -0,05, -0,05, -0,05, -0,05, -0,05, -0,04, -0,05, -0,06, -0,06, -0,05, -0,05, -0,05, 0,95, -0,05, -0,05, -0,06, -0,05, -0,01, 
Wynik oczekiwany:
0.0, 0.0, 0.0, 0.0, 0.0, 0.0, 0.0, 0.0, 0.0, 0.0, 0.0, 0.0, 0.0, 0.0, 1.0, 0.0, 0.0, 0.0, 0.0, 0.0, 
Wejsciowy wektor: 5
-0,05, -0,05, -0,05, -0,05, -0,05, 0,95, -0,05, -0,04, -0,05, -0,05, -0,05, -0,05, -0,05, -0,04, -0,05, -0,05, -0,05, -0,06, -0,05, -0,01, 
Wynik oczekiwany:
0.0, 0.0, 0.0, 0.0, 0.0, 1.0, 0.0, 0.0, 0.0, 0.0, 0.0, 0.0, 0.0, 0.0, 0.0, 0.0, 0.0, 0.0, 0.0, 0.0, 
Wejsciowy wektor: 13
-0,05, -0,06, -0,05, -0,05, -0,06, -0,06, -0,06, -0,05, -0,05, -0,07, -0,06, -0,06, -0,06, 0,94, -0,06, -0,05, -0,06, -0,06, -0,06, -0,02, 
Wynik oczekiwany:
0.0, 0.0, 0.0, 0.0, 0.0, 0.0, 0.0, 0.0, 0.0, 0.0, 0.0, 0.0, 0.0, 1.0, 0.0, 0.0, 0.0, 0.0, 0.0, 0.0, 
Wejsciowy wektor: 16
-0,05, -0,05, -0,05, -0,05, -0,06, -0,06, -0,05, -0,05, -0,05, -0,06, -0,06, -0,06, -0,06, -0,05, -0,06, -0,05, 0,94, -0,06, -0,05, -0,01, 
Wynik oczekiwany:
0.0, 0.0, 0.0, 0.0, 0.0, 0.0, 0.0, 0.0, 0.0, 0.0, 0.0, 0.0, 0.0, 0.0, 0.0, 0.0, 1.0, 0.0, 0.0, 0.0, 
Wejsciowy wektor: 7
-0,05, -0,05, -0,05, -0,05, -0,06, -0,05, -0,05, 0,96, -0,05, -0,06, -0,05, -0,05, -0,05, -0,05, -0,05, -0,05, -0,05, -0,06, -0,05, -0,01, 
Wynik oczekiwany:
0.0, 0.0, 0.0, 0.0, 0.0, 0.0, 0.0, 1.0, 0.0, 0.0, 0.0, 0.0, 0.0, 0.0, 0.0, 0.0, 0.0, 0.0, 0.0, 0.0, 
Wejsciowy wektor: 6
-0,05, -0,05, -0,05, -0,05, -0,06, -0,05, 0,95, -0,04, -0,05, -0,06, -0,05, -0,05, -0,05, -0,05, -0,05, -0,05, -0,05, -0,06, -0,05, -0,01, 
Wynik oczekiwany:
0.0, 0.0, 0.0, 0.0, 0.0, 0.0, 1.0, 0.0, 0.0, 0.0, 0.0, 0.0, 0.0, 0.0, 0.0, 0.0, 0.0, 0.0, 0.0, 0.0, 
Wejsciowy wektor: 3
-0,05, -0,05, -0,05, 0,95, -0,06, -0,05, -0,05, -0,04, -0,05, -0,06, -0,05, -0,05, -0,05, -0,05, -0,05, -0,05, -0,05, -0,06, -0,05, -0,01, 
Wynik oczekiwany:
0.0, 0.0, 0.0, 1.0, 0.0, 0.0, 0.0, 0.0, 0.0, 0.0, 0.0, 0.0, 0.0, 0.0, 0.0, 0.0, 0.0, 0.0, 0.0, 0.0, 
Wejsciowy wektor: 8
-0,04, -0,05, -0,05, -0,05, -0,05, -0,05, -0,04, -0,04, 0,95, -0,06, -0,06, -0,05, -0,05, -0,05, -0,05, -0,05, -0,05, -0,06, -0,05, -0,01, 
Wynik oczekiwany:
0.0, 0.0, 0.0, 0.0, 0.0, 0.0, 0.0, 0.0, 1.0, 0.0, 0.0, 0.0, 0.0, 0.0, 0.0, 0.0, 0.0, 0.0, 0.0, 0.0, 
Wejsciowy wektor: 6
-0,05, -0,05, -0,05, -0,05, -0,06, -0,05, 0,95, -0,04, -0,05, -0,06, -0,05, -0,05, -0,05, -0,05, -0,05, -0,05, -0,05, -0,06, -0,05, -0,01, 
Wynik oczekiwany:
0.0, 0.0, 0.0, 0.0, 0.0, 0.0, 1.0, 0.0, 0.0, 0.0, 0.0, 0.0, 0.0, 0.0, 0.0, 0.0, 0.0, 0.0, 0.0, 0.0, 
Wejsciowy wektor: 10
-0,05, -0,05, -0,05, -0,05, -0,06, -0,05, -0,05, -0,05, -0,05, -0,06, 0,94, -0,05, -0,05, -0,05, -0,05, -0,05, -0,05, -0,06, -0,05, -0,01, 
Wynik oczekiwany:
0.0, 0.0, 0.0, 0.0, 0.0, 0.0, 0.0, 0.0, 0.0, 0.0, 1.0, 0.0, 0.0, 0.0, 0.0, 0.0, 0.0, 0.0, 0.0, 0.0, 
Wejsciowy wektor: 9
-0,05, -0,05, -0,05, -0,05, -0,06, -0,05, -0,05, -0,05, -0,05, 0,94, -0,06, -0,05, -0,05, -0,05, -0,05, -0,05, -0,05, -0,06, -0,05, -0,01, 
Wynik oczekiwany:
0.0, 0.0, 0.0, 0.0, 0.0, 0.0, 0.0, 0.0, 0.0, 1.0, 0.0, 0.0, 0.0, 0.0, 0.0, 0.0, 0.0, 0.0, 0.0, 0.0, 
