Zakonczono proces uczenia po: 25286 iteracjach
Wejsciowy wektor: 8
-0,07, -0,07, -0,07, -0,06, -0,07, -0,07, -0,06, -0,06, 0,94, -0,07, -0,06, -0,06, -0,05, -0,07, -0,07, -0,05, -0,08, -0,07, -0,05, -0,08, 
Wynik oczekiwany:
0.0, 0.0, 0.0, 0.0, 0.0, 0.0, 0.0, 0.0, 1.0, 0.0, 0.0, 0.0, 0.0, 0.0, 0.0, 0.0, 0.0, 0.0, 0.0, 0.0, 
Wejsciowy wektor: 5
-0,05, -0,05, -0,05, -0,05, -0,05, 0,95, -0,05, -0,05, -0,05, -0,05, -0,06, -0,05, -0,05, -0,05, -0,05, -0,05, -0,06, -0,05, -0,05, -0,06, 
Wynik oczekiwany:
0.0, 0.0, 0.0, 0.0, 0.0, 1.0, 0.0, 0.0, 0.0, 0.0, 0.0, 0.0, 0.0, 0.0, 0.0, 0.0, 0.0, 0.0, 0.0, 0.0, 
Wejsciowy wektor: 19
-0,09, -0,10, -0,09, -0,07, -0,08, -0,08, -0,08, -0,07, -0,07, -0,09, -0,08, -0,06, -0,05, -0,10, -0,10, -0,05, -0,10, -0,09, -0,05, 0,89, 
Wynik oczekiwany:
0.0, 0.0, 0.0, 0.0, 0.0, 0.0, 0.0, 0.0, 0.0, 0.0, 0.0, 0.0, 0.0, 0.0, 0.0, 0.0, 0.0, 0.0, 0.0, 1.0, 
Wejsciowy wektor: 12
-0,07, -0,07, -0,07, -0,06, -0,07, -0,07, -0,07, -0,07, -0,06, -0,07, -0,07, -0,06, 0,94, -0,07, -0,07, -0,06, -0,07, -0,07, -0,06, -0,07, 
Wynik oczekiwany:
0.0, 0.0, 0.0, 0.0, 0.0, 0.0, 0.0, 0.0, 0.0, 0.0, 0.0, 0.0, 1.0, 0.0, 0.0, 0.0, 0.0, 0.0, 0.0, 0.0, 
Wejsciowy wektor: 4
-0,05, -0,05, -0,05, -0,05, 0,95, -0,05, -0,05, -0,05, -0,05, -0,05, -0,05, -0,05, -0,05, -0,05, -0,04, -0,05, -0,05, -0,05, -0,05, -0,05, 
Wynik oczekiwany:
0.0, 0.0, 0.0, 0.0, 1.0, 0.0, 0.0, 0.0, 0.0, 0.0, 0.0, 0.0, 0.0, 0.0, 0.0, 0.0, 0.0, 0.0, 0.0, 0.0, 
Wejsciowy wektor: 1
-0,05, 0,95, -0,05, -0,05, -0,05, -0,05, -0,05, -0,05, -0,05, -0,05, -0,05, -0,05, -0,05, -0,05, -0,05, -0,05, -0,05, -0,05, -0,05, -0,05, 
Wynik oczekiwany:
0.0, 1.0, 0.0, 0.0, 0.0, 0.0, 0.0, 0.0, 0.0, 0.0, 0.0, 0.0, 0.0, 0.0, 0.0, 0.0, 0.0, 0.0, 0.0, 0.0, 
Wejsciowy wektor: 15
-0,06, -0,06, -0,06, -0,06, -0,06, -0,06, -0,06, -0,06, -0,06, -0,06, -0,06, -0,06, -0,05, -0,06, -0,06, 0,95, -0,06, -0,06, -0,05, -0,07, 
Wynik oczekiwany:
0.0, 0.0, 0.0, 0.0, 0.0, 0.0, 0.0, 0.0, 0.0, 0.0, 0.0, 0.0, 0.0, 0.0, 0.0, 1.0, 0.0, 0.0, 0.0, 0.0, 
Wejsciowy wektor: 10
-0,06, -0,06, -0,07, -0,06, -0,06, -0,07, -0,06, -0,06, -0,06, -0,07, 0,94, -0,06, -0,06, -0,06, -0,06, -0,06, -0,07, -0,06, -0,06, -0,07, 
Wynik oczekiwany:
0.0, 0.0, 0.0, 0.0, 0.0, 0.0, 0.0, 0.0, 0.0, 0.0, 1.0, 0.0, 0.0, 0.0, 0.0, 0.0, 0.0, 0.0, 0.0, 0.0, 
Wejsciowy wektor: 7
-0,05, -0,05, -0,05, -0,05, -0,05, -0,05, -0,05, 0,95, -0,05, -0,05, -0,05, -0,05, -0,05, -0,05, -0,05, -0,05, -0,05, -0,05, -0,05, -0,05, 
Wynik oczekiwany:
0.0, 0.0, 0.0, 0.0, 0.0, 0.0, 0.0, 1.0, 0.0, 0.0, 0.0, 0.0, 0.0, 0.0, 0.0, 0.0, 0.0, 0.0, 0.0, 0.0, 
Wejsciowy wektor: 19
-0,09, -0,10, -0,09, -0,07, -0,08, -0,08, -0,08, -0,07, -0,07, -0,09, -0,08, -0,06, -0,05, -0,10, -0,10, -0,05, -0,10, -0,09, -0,05, 0,89, 
Wynik oczekiwany:
0.0, 0.0, 0.0, 0.0, 0.0, 0.0, 0.0, 0.0, 0.0, 0.0, 0.0, 0.0, 0.0, 0.0, 0.0, 0.0, 0.0, 0.0, 0.0, 1.0, 
Wejsciowy wektor: 7
-0,05, -0,05, -0,05, -0,05, -0,05, -0,05, -0,05, 0,95, -0,05, -0,05, -0,05, -0,05, -0,05, -0,05, -0,05, -0,05, -0,05, -0,05, -0,05, -0,05, 
Wynik oczekiwany:
0.0, 0.0, 0.0, 0.0, 0.0, 0.0, 0.0, 1.0, 0.0, 0.0, 0.0, 0.0, 0.0, 0.0, 0.0, 0.0, 0.0, 0.0, 0.0, 0.0, 
Wejsciowy wektor: 9
-0,06, -0,07, -0,06, -0,06, -0,06, -0,06, -0,06, -0,06, -0,06, 0,93, -0,06, -0,06, -0,05, -0,07, -0,07, -0,05, -0,07, -0,07, -0,05, -0,07, 
Wynik oczekiwany:
0.0, 0.0, 0.0, 0.0, 0.0, 0.0, 0.0, 0.0, 0.0, 1.0, 0.0, 0.0, 0.0, 0.0, 0.0, 0.0, 0.0, 0.0, 0.0, 0.0, 
Wejsciowy wektor: 2
-0,05, -0,06, 0,95, -0,06, -0,05, -0,05, -0,05, -0,06, -0,05, -0,06, -0,06, -0,05, -0,05, -0,05, -0,05, -0,06, -0,06, -0,06, -0,05, -0,06, 
Wynik oczekiwany:
0.0, 0.0, 1.0, 0.0, 0.0, 0.0, 0.0, 0.0, 0.0, 0.0, 0.0, 0.0, 0.0, 0.0, 0.0, 0.0, 0.0, 0.0, 0.0, 0.0, 
Wejsciowy wektor: 7
-0,05, -0,05, -0,05, -0,05, -0,05, -0,05, -0,05, 0,95, -0,05, -0,05, -0,05, -0,05, -0,05, -0,05, -0,05, -0,05, -0,05, -0,05, -0,05, -0,05, 
Wynik oczekiwany:
0.0, 0.0, 0.0, 0.0, 0.0, 0.0, 0.0, 1.0, 0.0, 0.0, 0.0, 0.0, 0.0, 0.0, 0.0, 0.0, 0.0, 0.0, 0.0, 0.0, 
Wejsciowy wektor: 5
-0,05, -0,05, -0,05, -0,05, -0,05, 0,95, -0,05, -0,05, -0,05, -0,05, -0,06, -0,05, -0,05, -0,05, -0,05, -0,05, -0,06, -0,05, -0,05, -0,06, 
Wynik oczekiwany:
0.0, 0.0, 0.0, 0.0, 0.0, 1.0, 0.0, 0.0, 0.0, 0.0, 0.0, 0.0, 0.0, 0.0, 0.0, 0.0, 0.0, 0.0, 0.0, 0.0, 
Wejsciowy wektor: 12
-0,07, -0,07, -0,07, -0,06, -0,07, -0,07, -0,07, -0,07, -0,06, -0,07, -0,07, -0,06, 0,94, -0,07, -0,07, -0,06, -0,07, -0,07, -0,06, -0,07, 
Wynik oczekiwany:
0.0, 0.0, 0.0, 0.0, 0.0, 0.0, 0.0, 0.0, 0.0, 0.0, 0.0, 0.0, 1.0, 0.0, 0.0, 0.0, 0.0, 0.0, 0.0, 0.0, 
Wejsciowy wektor: 16
-0,07, -0,07, -0,07, -0,06, -0,07, -0,06, -0,07, -0,06, -0,06, -0,07, -0,06, -0,06, -0,05, -0,07, -0,07, -0,05, 0,92, -0,07, -0,05, -0,08, 
Wynik oczekiwany:
0.0, 0.0, 0.0, 0.0, 0.0, 0.0, 0.0, 0.0, 0.0, 0.0, 0.0, 0.0, 0.0, 0.0, 0.0, 0.0, 1.0, 0.0, 0.0, 0.0, 
Wejsciowy wektor: 3
-0,05, -0,05, -0,05, 0,95, -0,05, -0,05, -0,05, -0,05, -0,05, -0,05, -0,05, -0,05, -0,05, -0,05, -0,05, -0,05, -0,06, -0,05, -0,05, -0,06, 
Wynik oczekiwany:
0.0, 0.0, 0.0, 1.0, 0.0, 0.0, 0.0, 0.0, 0.0, 0.0, 0.0, 0.0, 0.0, 0.0, 0.0, 0.0, 0.0, 0.0, 0.0, 0.0, 
Wejsciowy wektor: 7
-0,05, -0,05, -0,05, -0,05, -0,05, -0,05, -0,05, 0,95, -0,05, -0,05, -0,05, -0,05, -0,05, -0,05, -0,05, -0,05, -0,05, -0,05, -0,05, -0,05, 
Wynik oczekiwany:
0.0, 0.0, 0.0, 0.0, 0.0, 0.0, 0.0, 1.0, 0.0, 0.0, 0.0, 0.0, 0.0, 0.0, 0.0, 0.0, 0.0, 0.0, 0.0, 0.0, 
Wejsciowy wektor: 18
-0,07, -0,07, -0,07, -0,06, -0,07, -0,07, -0,07, -0,06, -0,06, -0,07, -0,07, -0,06, -0,05, -0,08, -0,07, -0,05, -0,08, -0,07, 0,95, -0,08, 
Wynik oczekiwany:
0.0, 0.0, 0.0, 0.0, 0.0, 0.0, 0.0, 0.0, 0.0, 0.0, 0.0, 0.0, 0.0, 0.0, 0.0, 0.0, 0.0, 0.0, 1.0, 0.0, 