Zakonczono proces uczenia po: 432270 iteracjach
Wejsciowy wektor: 17
-0,05, -0,05, -0,05, -0,05, -0,05, -0,05, -0,05, -0,05, -0,06, -0,05, -0,05, -0,05, -0,05, -0,05, -0,05, -0,05, -0,06, 0,95, -0,05, -0,06, 
Wynik oczekiwany:
0.0, 0.0, 0.0, 0.0, 0.0, 0.0, 0.0, 0.0, 0.0, 0.0, 0.0, 0.0, 0.0, 0.0, 0.0, 0.0, 0.0, 1.0, 0.0, 0.0, 
Wejsciowy wektor: 19
-0,25, -0,26, -0,23, -0,23, -0,22, -0,20, -0,30, -0,21, -0,26, -0,23, -0,27, -0,25, -0,22, -0,27, -0,24, -0,26, -0,32, -0,25, -0,27, 0,65, 
Wynik oczekiwany:
0.0, 0.0, 0.0, 0.0, 0.0, 0.0, 0.0, 0.0, 0.0, 0.0, 0.0, 0.0, 0.0, 0.0, 0.0, 0.0, 0.0, 0.0, 0.0, 1.0, 
Wejsciowy wektor: 10
-0,07, -0,07, -0,07, -0,07, -0,07, -0,07, -0,07, -0,07, -0,07, -0,07, 0,93, -0,07, -0,07, -0,08, -0,07, -0,07, -0,08, -0,07, -0,07, -0,08, 
Wynik oczekiwany:
0.0, 0.0, 0.0, 0.0, 0.0, 0.0, 0.0, 0.0, 0.0, 0.0, 1.0, 0.0, 0.0, 0.0, 0.0, 0.0, 0.0, 0.0, 0.0, 0.0, 
Wejsciowy wektor: 14
-0,06, -0,05, -0,06, -0,05, -0,06, -0,06, -0,05, -0,06, -0,06, -0,05, -0,06, -0,06, -0,06, -0,06, 0,95, -0,06, -0,06, -0,06, -0,06, -0,06, 
Wynik oczekiwany:
0.0, 0.0, 0.0, 0.0, 0.0, 0.0, 0.0, 0.0, 0.0, 0.0, 0.0, 0.0, 0.0, 0.0, 1.0, 0.0, 0.0, 0.0, 0.0, 0.0, 
Wejsciowy wektor: 8
-0,08, -0,09, -0,09, -0,08, -0,08, -0,08, -0,09, -0,08, 0,91, -0,08, -0,09, -0,09, -0,08, -0,10, -0,09, -0,09, -0,10, -0,08, -0,09, -0,11, 
Wynik oczekiwany:
0.0, 0.0, 0.0, 0.0, 0.0, 0.0, 0.0, 0.0, 1.0, 0.0, 0.0, 0.0, 0.0, 0.0, 0.0, 0.0, 0.0, 0.0, 0.0, 0.0, 
Wejsciowy wektor: 0
0,95, -0,05, -0,05, -0,05, -0,05, -0,06, -0,05, -0,06, -0,06, -0,05, -0,05, -0,06, -0,05, -0,05, -0,05, -0,05, -0,05, -0,05, -0,05, -0,05, 
Wynik oczekiwany:
1.0, 0.0, 0.0, 0.0, 0.0, 0.0, 0.0, 0.0, 0.0, 0.0, 0.0, 0.0, 0.0, 0.0, 0.0, 0.0, 0.0, 0.0, 0.0, 0.0, 
Wejsciowy wektor: 0
0,95, -0,05, -0,05, -0,05, -0,05, -0,06, -0,05, -0,06, -0,06, -0,05, -0,05, -0,06, -0,05, -0,05, -0,05, -0,05, -0,05, -0,05, -0,05, -0,05, 
Wynik oczekiwany:
1.0, 0.0, 0.0, 0.0, 0.0, 0.0, 0.0, 0.0, 0.0, 0.0, 0.0, 0.0, 0.0, 0.0, 0.0, 0.0, 0.0, 0.0, 0.0, 0.0, 
Wejsciowy wektor: 4
-0,05, -0,05, -0,05, -0,05, 0,95, -0,05, -0,05, -0,05, -0,05, -0,05, -0,05, -0,05, -0,05, -0,05, -0,05, -0,05, -0,05, -0,05, -0,05, -0,05, 
Wynik oczekiwany:
0.0, 0.0, 0.0, 0.0, 1.0, 0.0, 0.0, 0.0, 0.0, 0.0, 0.0, 0.0, 0.0, 0.0, 0.0, 0.0, 0.0, 0.0, 0.0, 0.0, 
Wejsciowy wektor: 19
-0,25, -0,26, -0,23, -0,23, -0,22, -0,20, -0,30, -0,21, -0,26, -0,23, -0,27, -0,25, -0,22, -0,27, -0,24, -0,26, -0,32, -0,25, -0,27, 0,65, 
Wynik oczekiwany:
0.0, 0.0, 0.0, 0.0, 0.0, 0.0, 0.0, 0.0, 0.0, 0.0, 0.0, 0.0, 0.0, 0.0, 0.0, 0.0, 0.0, 0.0, 0.0, 1.0, 
Wejsciowy wektor: 13
-0,09, -0,10, -0,09, -0,09, -0,09, -0,09, -0,10, -0,09, -0,10, -0,09, -0,10, -0,10, -0,09, 0,90, -0,09, -0,10, -0,11, -0,09, -0,10, -0,12, 
Wynik oczekiwany:
0.0, 0.0, 0.0, 0.0, 0.0, 0.0, 0.0, 0.0, 0.0, 0.0, 0.0, 0.0, 0.0, 1.0, 0.0, 0.0, 0.0, 0.0, 0.0, 0.0, 
Wejsciowy wektor: 19
-0,25, -0,26, -0,23, -0,23, -0,22, -0,20, -0,30, -0,21, -0,26, -0,23, -0,27, -0,25, -0,22, -0,27, -0,24, -0,26, -0,32, -0,25, -0,27, 0,65, 
Wynik oczekiwany:
0.0, 0.0, 0.0, 0.0, 0.0, 0.0, 0.0, 0.0, 0.0, 0.0, 0.0, 0.0, 0.0, 0.0, 0.0, 0.0, 0.0, 0.0, 0.0, 1.0, 
Wejsciowy wektor: 16
-0,12, -0,12, -0,11, -0,12, -0,11, -0,11, -0,13, -0,11, -0,13, -0,11, -0,13, -0,12, -0,12, -0,12, -0,11, -0,13, 0,86, -0,12, -0,13, -0,15, 
Wynik oczekiwany:
0.0, 0.0, 0.0, 0.0, 0.0, 0.0, 0.0, 0.0, 0.0, 0.0, 0.0, 0.0, 0.0, 0.0, 0.0, 0.0, 1.0, 0.0, 0.0, 0.0, 
Wejsciowy wektor: 12
-0,06, -0,06, -0,06, -0,06, -0,06, -0,06, -0,07, -0,06, -0,07, -0,06, -0,07, -0,07, 0,94, -0,07, -0,06, -0,06, -0,07, -0,06, -0,06, -0,08, 
Wynik oczekiwany:
0.0, 0.0, 0.0, 0.0, 0.0, 0.0, 0.0, 0.0, 0.0, 0.0, 0.0, 0.0, 1.0, 0.0, 0.0, 0.0, 0.0, 0.0, 0.0, 0.0, 
Wejsciowy wektor: 12
-0,06, -0,06, -0,06, -0,06, -0,06, -0,06, -0,07, -0,06, -0,07, -0,06, -0,07, -0,07, 0,94, -0,07, -0,06, -0,06, -0,07, -0,06, -0,06, -0,08, 
Wynik oczekiwany:
0.0, 0.0, 0.0, 0.0, 0.0, 0.0, 0.0, 0.0, 0.0, 0.0, 0.0, 0.0, 1.0, 0.0, 0.0, 0.0, 0.0, 0.0, 0.0, 0.0, 
Wejsciowy wektor: 8
-0,08, -0,09, -0,09, -0,08, -0,08, -0,08, -0,09, -0,08, 0,91, -0,08, -0,09, -0,09, -0,08, -0,10, -0,09, -0,09, -0,10, -0,08, -0,09, -0,11, 
Wynik oczekiwany:
0.0, 0.0, 0.0, 0.0, 0.0, 0.0, 0.0, 0.0, 1.0, 0.0, 0.0, 0.0, 0.0, 0.0, 0.0, 0.0, 0.0, 0.0, 0.0, 0.0, 
Wejsciowy wektor: 0
0,95, -0,05, -0,05, -0,05, -0,05, -0,06, -0,05, -0,06, -0,06, -0,05, -0,05, -0,06, -0,05, -0,05, -0,05, -0,05, -0,05, -0,05, -0,05, -0,05, 
Wynik oczekiwany:
1.0, 0.0, 0.0, 0.0, 0.0, 0.0, 0.0, 0.0, 0.0, 0.0, 0.0, 0.0, 0.0, 0.0, 0.0, 0.0, 0.0, 0.0, 0.0, 0.0, 
Wejsciowy wektor: 10
-0,07, -0,07, -0,07, -0,07, -0,07, -0,07, -0,07, -0,07, -0,07, -0,07, 0,93, -0,07, -0,07, -0,08, -0,07, -0,07, -0,08, -0,07, -0,07, -0,08, 
Wynik oczekiwany:
0.0, 0.0, 0.0, 0.0, 0.0, 0.0, 0.0, 0.0, 0.0, 0.0, 1.0, 0.0, 0.0, 0.0, 0.0, 0.0, 0.0, 0.0, 0.0, 0.0, 
Wejsciowy wektor: 14
-0,06, -0,05, -0,06, -0,05, -0,06, -0,06, -0,05, -0,06, -0,06, -0,05, -0,06, -0,06, -0,06, -0,06, 0,95, -0,06, -0,06, -0,06, -0,06, -0,06, 
Wynik oczekiwany:
0.0, 0.0, 0.0, 0.0, 0.0, 0.0, 0.0, 0.0, 0.0, 0.0, 0.0, 0.0, 0.0, 0.0, 1.0, 0.0, 0.0, 0.0, 0.0, 0.0, 
Wejsciowy wektor: 6
-0,05, -0,05, -0,06, -0,06, -0,06, -0,06, 0,95, -0,06, -0,06, -0,06, -0,06, -0,06, -0,06, -0,06, -0,06, -0,05, -0,06, -0,05, -0,06, -0,06, 
Wynik oczekiwany:
0.0, 0.0, 0.0, 0.0, 0.0, 0.0, 1.0, 0.0, 0.0, 0.0, 0.0, 0.0, 0.0, 0.0, 0.0, 0.0, 0.0, 0.0, 0.0, 0.0, 
Wejsciowy wektor: 9
-0,05, -0,05, -0,05, -0,05, -0,05, -0,06, -0,05, -0,05, -0,06, 0,95, -0,05, -0,06, -0,05, -0,06, -0,05, -0,05, -0,06, -0,05, -0,05, -0,06, 
Wynik oczekiwany:
0.0, 0.0, 0.0, 0.0, 0.0, 0.0, 0.0, 0.0, 0.0, 1.0, 0.0, 0.0, 0.0, 0.0, 0.0, 0.0, 0.0, 0.0, 0.0, 0.0, 
